0 0.8221153846153846 0.5012019230769231 0.3449519230769231 0.5769230769230769
0 0.24759615384615385 0.1778846153846154 0.09735576923076923 0.11899038461538461
0 0.1310096153846154 0.1622596153846154 0.10096153846153846 0.06370192307692307
0 0.23798076923076922 0.3088942307692308 0.06370192307692307 0.12259615384615384
0 0.3233173076923077 0.35697115384615385 0.10216346153846154 0.11177884615384616
0 0.21634615384615385 0.47836538461538464 0.1045673076923077 0.11538461538461539
0 0.29447115384615385 0.6358173076923077 0.08173076923076923 0.07091346153846154
0 0.21754807692307693 0.6923076923076923 0.0985576923076923 0.0733173076923077
0 0.46153846153846156 0.6947115384615384 0.07932692307692307 0.10216346153846154
0 0.4326923076923077 0.8016826923076923 0.06610576923076923 0.11778846153846154
0 0.38100961538461536 0.8305288461538461 0.1141826923076923 0.10336538461538461