1 0.14182692307692307 0.4170673076923077 0.1045673076923077 0.14182692307692307
1 0.21514423076923078 0.3641826923076923 0.11778846153846154 0.13701923076923078
1 0.29927884615384615 0.44350961538461536 0.09495192307692307 0.07211538461538461
1 0.26322115384615385 0.4891826923076923 0.11899038461538461 0.09134615384615384
1 0.40024038461538464 0.49278846153846156 0.08653846153846154 0.15625
1 0.3701923076923077 0.5661057692307693 0.10336538461538461 0.11298076923076923
1 0.5168269230769231 0.36778846153846156 0.07091346153846154 0.14423076923076922
1 0.6069711538461539 0.30528846153846156 0.08052884615384616 0.12620192307692307
1 0.671875 0.3233173076923077 0.09495192307692307 0.10817307692307693
1 0.7548076923076923 0.18269230769230768 0.078125 0.13942307692307693
1 0.7608173076923077 0.3786057692307692 0.1201923076923077 0.0985576923076923
1 0.7235576923076923 0.42788461538461536 0.11538461538461539 0.06971153846153846
1 0.7091346153846154 0.47596153846153844 0.09735576923076923 0.07091346153846154
1 0.6021634615384616 0.42788461538461536 0.07091346153846154 0.09375
1 0.49158653846153844 0.5841346153846154 0.05048076923076923 0.0985576923076923
1 0.41586538461538464 0.6754807692307693 0.10817307692307693 0.10817307692307693
1 0.49278846153846156 0.7091346153846154 0.06129807692307692 0.10336538461538461
1 0.5108173076923077 0.7728365384615384 0.078125 0.08653846153846154
1 0.45913461538461536 0.8197115384615384 0.125 0.12379807692307693
1 0.5853365384615384 0.5625 0.09615384615384616 0.12860576923076922
1 0.6706730769230769 0.5576923076923077 0.1045673076923077 0.13822115384615385
1 0.6141826923076923 0.6478365384615384 0.09134615384615384 0.09375
1 0.6394230769230769 0.7043269230769231 0.09134615384615384 0.11057692307692307
1 0.5829326923076923 0.7620192307692307 0.06009615384615385 0.10817307692307693
1 0.6274038461538461 0.8257211538461539 0.055288461538461536 0.10336538461538461
1 0.5625 0.8689903846153846 0.0673076923076923 0.11899038461538461
1 0.6346153846153846 0.9338942307692307 0.0625 0.12620192307692307
1 0.5612980769230769 0.9603365384615384 0.056490384615384616 0.0625