1 0.18509615384615385 0.375 0.11658653846153846 0.12860576923076922
1 0.28725961538461536 0.39302884615384615 0.0985576923076923 0.1141826923076923
1 0.29086538461538464 0.2776442307692308 0.15264423076923078 0.11778846153846154
1 0.40865384615384615 0.28846153846153844 0.09615384615384616 0.08413461538461539
1 0.4014423076923077 0.3786057692307692 0.125 0.10697115384615384
1 0.4855769230769231 0.3786057692307692 0.11658653846153846 0.09014423076923077
1 0.49278846153846156 0.48677884615384615 0.15264423076923078 0.13942307692307693
1 0.7211538461538461 0.4651442307692308 0.10336538461538461 0.11778846153846154
1 0.40024038461538464 0.7704326923076923 0.17427884615384615 0.15264423076923078
1 0.5757211538461539 0.6177884615384616 0.11778846153846154 0.13942307692307693
1 0.6875 0.6117788461538461 0.11658653846153846 0.14182692307692307
1 0.8521634615384616 0.6009615384615384 0.12139423076923077 0.13701923076923078
1 0.78125 0.5132211538461539 0.11298076923076923 0.07692307692307693
1 0.9795673076923077 0.6322115384615384 0.039663461538461536 0.11778846153846154
1 0.1141826923076923 0.25961538461538464 0.0733173076923077 0.10336538461538461
1 0.10216346153846154 0.21033653846153846 0.11298076923076923 0.08774038461538461
1 0.28125 0.16346153846153846 0.19591346153846154 0.1971153846153846
1 0.6586538461538461 0.3389423076923077 0.22956730769230768 0.15264423076923078