1 0.9194711538461539 0.5817307692307693 0.03485576923076923 0.06370192307692307
1 0.7680288461538461 0.4543269230769231 0.028846153846153848 0.06610576923076923
1 0.7427884615384616 0.4735576923076923 0.026442307692307692 0.027644230769230768
1 0.7271634615384616 0.4735576923076923 0.018028846153846152 0.030048076923076924
1 0.7103365384615384 0.46033653846153844 0.020432692307692308 0.025240384615384616
1 0.6875 0.453125 0.025240384615384616 0.03125
1 0.6814903846153846 0.4206730769230769 0.026442307692307692 0.025240384615384616
1 0.6502403846153846 0.3605769230769231 0.025240384615384616 0.028846153846153848
1 0.6826923076923077 0.328125 0.026442307692307692 0.038461538461538464
1 0.6790865384615384 0.3737980769230769 0.021634615384615384 0.038461538461538464
1 0.7163461538461539 0.36899038461538464 0.021634615384615384 0.038461538461538464
1 0.7007211538461539 0.37740384615384615 0.020432692307692308 0.018028846153846152
1 0.7067307692307693 0.40865384615384615 0.018028846153846152 0.026442307692307692
1 0.6947115384615384 0.41466346153846156 0.02403846153846154 0.03125
1 0.7247596153846154 0.39903846153846156 0.014423076923076924 0.015625
1 0.71875 0.4266826923076923 0.014423076923076924 0.021634615384615384
1 0.7271634615384616 0.44591346153846156 0.019230769230769232 0.021634615384615384
1 0.7367788461538461 0.40625 0.02283653846153846 0.02403846153846154
1 0.7427884615384616 0.4338942307692308 0.016826923076923076 0.027644230769230768