2 0.43990384615384615 0.14302884615384615 0.057692307692307696 0.2860576923076923
2 0.39663461538461536 0.5408653846153846 0.036057692307692304 0.25961538461538464
2 0.44471153846153844 0.7259615384615384 0.056490384615384616 0.28125
2 0.390625 0.9290865384615384 0.06129807692307692 0.14182692307692307
2 0.49278846153846156 0.31009615384615385 0.038461538461538464 0.2668269230769231
2 0.5600961538461539 0.29927884615384615 0.07932692307692307 0.3641826923076923
2 0.5300480769230769 0.5625 0.052884615384615384 0.2536057692307692
2 0.9254807692307693 0.21514423076923078 0.03365384615384615 0.20072115384615385
2 0.9771634615384616 0.36658653846153844 0.04447115384615385 0.1658653846153846
2 0.9447115384615384 0.6514423076923077 0.0673076923076923 0.17427884615384615
2 0.8737980769230769 0.6983173076923077 0.06971153846153846 0.12259615384615384