1 0.7067307692307693 0.4206730769230769 0.44711538461538464 0.3088942307692308
1 0.22716346153846154 0.5276442307692307 0.21875 0.1310096153846154
1 0.04927884615384615 0.5108173076923077 0.0985576923076923 0.15625
1 0.27403846153846156 0.6526442307692307 0.15745192307692307 0.12259615384615384
1 0.4987980769230769 0.6478365384615384 0.1502403846153846 0.10697115384615384
1 0.07091346153846154 0.6454326923076923 0.12259615384615384 0.1310096153846154
1 0.7536057692307693 0.65625 0.17427884615384615 0.14182692307692307
1 0.9603365384615384 0.5853365384615384 0.07932692307692307 0.1201923076923077
1 0.7944711538461539 0.8076923076923077 0.3173076923076923 0.21875
1 0.22596153846153846 0.8389423076923077 0.2776442307692308 0.2980769230769231
1 0.3786057692307692 0.7728365384615384 0.1502403846153846 0.1502403846153846
1 0.46153846153846156 0.7872596153846154 0.13701923076923078 0.15625
1 0.9375 0.6778846153846154 0.12379807692307693 0.12259615384615384
1 0.08413461538461539 0.9158653846153846 0.16706730769230768 0.16826923076923078
1 0.04807692307692308 0.7644230769230769 0.09615384615384616 0.1346153846153846
1 0.5060096153846154 0.9206730769230769 0.31490384615384615 0.15865384615384615