1 0.21514423076923078 0.3173076923076923 0.16706730769230768 0.09375
1 0.4375 0.2283653846153846 0.18509615384615385 0.171875
1 0.18269230769230768 0.4963942307692308 0.16346153846153846 0.16105769230769232
1 0.36177884615384615 0.4170673076923077 0.16466346153846154 0.17427884615384615
1 0.6310096153846154 0.3605769230769231 0.171875 0.17668269230769232
1 0.48197115384615385 0.28125 0.09254807692307693 0.11658653846153846
1 0.6802884615384616 0.27403846153846156 0.14182692307692307 0.14783653846153846
1 0.5528846153846154 0.4855769230769231 0.16947115384615385 0.140625
1 0.7307692307692307 0.6033653846153846 0.17427884615384615 0.11177884615384616
1 0.7872596153846154 0.35697115384615385 0.06850961538461539 0.16346153846153846
1 0.7836538461538461 0.08533653846153846 0.06850961538461539 0.11899038461538461