1 0.09375 0.8173076923076923 0.06971153846153846 0.09254807692307693
1 0.12860576923076922 0.9074519230769231 0.10576923076923077 0.1201923076923077
1 0.20793269230769232 0.7848557692307693 0.1346153846153846 0.1201923076923077
1 0.25841346153846156 0.7920673076923077 0.04326923076923077 0.10216346153846154
1 0.22596153846153846 0.9002403846153846 0.07451923076923077 0.06971153846153846
1 0.3389423076923077 0.7752403846153846 0.12860576923076922 0.21394230769230768
1 0.2932692307692308 0.6334134615384616 0.051682692307692304 0.09375
1 0.3485576923076923 0.6334134615384616 0.06971153846153846 0.07692307692307693
1 0.33052884615384615 0.9699519230769231 0.0733173076923077 0.05889423076923077
1 0.42427884615384615 0.7391826923076923 0.06850961538461539 0.16346153846153846
1 0.4411057692307692 0.9411057692307693 0.12740384615384615 0.11778846153846154
1 0.359375 0.5252403846153846 0.08533653846153846 0.11778846153846154
1 0.4074519230769231 0.31850961538461536 0.07091346153846154 0.08533653846153846
1 0.41586538461538464 0.41586538461538464 0.06850961538461539 0.07451923076923077
1 0.5540865384615384 0.5432692307692307 0.15264423076923078 0.15144230769230768
1 0.7560096153846154 0.4338942307692308 0.10216346153846154 0.09375
1 0.7223557692307693 0.4879807692307692 0.06129807692307692 0.0829326923076923
1 0.7067307692307693 0.5661057692307693 0.055288461538461536 0.08653846153846154
1 0.6550480769230769 0.6033653846153846 0.06129807692307692 0.09254807692307693
1 0.5913461538461539 0.6790865384615384 0.057692307692307696 0.10697115384615384
1 0.8112980769230769 0.5661057692307693 0.09975961538461539 0.1045673076923077
1 0.7403846153846154 0.7572115384615384 0.078125 0.08533653846153846
1 0.49399038461538464 0.14543269230769232 0.0829326923076923 0.11899038461538461
1 0.7632211538461539 0.04927884615384615 0.11899038461538461 0.0985576923076923