1 0.11899038461538461 0.1814903846153846 0.21514423076923078 0.22235576923076922
1 0.2536057692307692 0.3798076923076923 0.17427884615384615 0.21995192307692307
1 0.4411057692307692 0.3088942307692308 0.19230769230769232 0.28365384615384615
1 0.5709134615384616 0.4651442307692308 0.18870192307692307 0.25600961538461536
1 0.6322115384615384 0.34375 0.23557692307692307 0.2704326923076923
1 0.7992788461538461 0.48677884615384615 0.20192307692307693 0.25600961538461536
1 0.36538461538461536 0.5793269230769231 0.27163461538461536 0.17307692307692307
1 0.5588942307692307 0.6826923076923077 0.17548076923076922 0.18990384615384615
1 0.6634615384615384 0.84375 0.16466346153846154 0.2283653846153846
1 0.921875 0.921875 0.11298076923076923 0.1502403846153846
1 0.8088942307692307 0.9639423076923077 0.11298076923076923 0.07211538461538461