1 0.3449519230769231 0.31971153846153844 0.08774038461538461 0.19471153846153846
1 0.4651442307692308 0.4362980769230769 0.12980769230769232 0.22956730769230768
1 0.36778846153846156 0.6069711538461539 0.13581730769230768 0.10697115384615384
1 0.25721153846153844 0.8088942307692307 0.16826923076923078 0.1045673076923077
1 0.4362980769230769 0.8052884615384616 0.1141826923076923 0.14423076923076922
1 0.6370192307692307 0.5961538461538461 0.09254807692307693 0.12259615384615384
1 0.6442307692307693 0.6887019230769231 0.0625 0.109375
1 0.6466346153846154 0.7824519230769231 0.08173076923076923 0.1045673076923077
1 0.7211538461538461 0.578125 0.12139423076923077 0.12860576923076922
1 0.7764423076923077 0.6766826923076923 0.14783653846153846 0.16105769230769232
1 0.7764423076923077 0.8305288461538461 0.16826923076923078 0.14182692307692307
1 0.8942307692307693 0.49038461538461536 0.08052884615384616 0.11538461538461539
1 0.28725961538461536 0.5060096153846154 0.07451923076923077 0.17668269230769232
1 0.24879807692307693 0.26802884615384615 0.109375 0.13942307692307693
1 0.12620192307692307 0.0673076923076923 0.06971153846153846 0.13341346153846154
1 0.21754807692307693 0.5673076923076923 0.11057692307692307 0.12259615384615384