2 0.26322115384615385 0.11658653846153846 0.08052884615384616 0.056490384615384616
2 0.33653846153846156 0.24519230769230768 0.05048076923076923 0.09975961538461539
2 0.6430288461538461 0.078125 0.04807692307692308 0.03365384615384615
2 0.6574519230769231 0.17548076923076922 0.025240384615384616 0.06610576923076923
2 0.6514423076923077 0.3233173076923077 0.027644230769230768 0.09375
2 0.02283653846153846 0.23076923076923078 0.03485576923076923 0.042067307692307696
2 0.040865384615384616 0.27283653846153844 0.04927884615384615 0.06370192307692307
2 0.07451923076923077 0.30649038461538464 0.038461538461538464 0.054086538461538464
2 0.10697115384615384 0.34975961538461536 0.042067307692307696 0.06370192307692307
2 0.15625 0.38341346153846156 0.052884615384615384 0.06370192307692307
2 0.14302884615384615 0.41346153846153844 0.056490384615384616 0.06610576923076923
2 0.3786057692307692 0.4723557692307692 0.054086538461538464 0.13581730769230768
2 0.6875 0.4182692307692308 0.046875 0.08774038461538461
2 0.4206730769230769 0.6057692307692307 0.04447115384615385 0.09735576923076923
2 0.53125 0.5925480769230769 0.03365384615384615 0.09495192307692307
2 0.6394230769230769 0.515625 0.05048076923076923 0.06370192307692307
2 0.53125 0.7896634615384616 0.038461538461538464 0.08653846153846154
2 0.39663461538461536 0.9158653846153846 0.038461538461538464 0.08173076923076923
2 0.3233173076923077 0.7247596153846154 0.025240384615384616 0.052884615384615384
2 0.32091346153846156 0.7752403846153846 0.02403846153846154 0.06009615384615385