2 0.3161057692307692 0.3786057692307692 0.19591346153846154 0.14302884615384615
2 0.0733173076923077 0.7512019230769231 0.14543269230769232 0.11658653846153846
2 0.18990384615384615 0.8100961538461539 0.19831730769230768 0.09975961538461539
2 0.45913461538461536 0.6057692307692307 0.12980769230769232 0.10576923076923077
2 0.6550480769230769 0.296875 0.14903846153846154 0.09735576923076923
2 0.6382211538461539 0.4014423076923077 0.1346153846153846 0.07572115384615384
2 0.6310096153846154 0.6141826923076923 0.04807692307692308 0.18629807692307693
2 0.6935096153846154 0.5288461538461539 0.10576923076923077 0.12980769230769232
2 0.7680288461538461 0.4423076923076923 0.057692307692307696 0.10817307692307693
2 0.9230769230769231 0.49399038461538464 0.09495192307692307 0.1346153846153846
2 0.9723557692307693 0.4651442307692308 0.055288461538461536 0.22956730769230768