1 0.78125 0.14302884615384615 0.07692307692307693 0.06850961538461539
1 0.8762019230769231 0.06129807692307692 0.055288461538461536 0.0625
1 0.5757211538461539 0.36538461538461536 0.06971153846153846 0.07572115384615384
1 0.46033653846153844 0.5024038461538461 0.051682692307692304 0.06850961538461539
1 0.5661057692307693 0.44711538461538464 0.09134615384615384 0.08413461538461539
1 0.5336538461538461 0.5372596153846154 0.0889423076923077 0.07211538461538461
1 0.6286057692307693 0.5084134615384616 0.08653846153846154 0.05048076923076923
1 0.421875 0.6634615384615384 0.09014423076923077 0.0733173076923077
1 0.3629807692307692 0.7175480769230769 0.09254807692307693 0.06971153846153846
1 0.5180288461538461 0.7379807692307693 0.12139423076923077 0.07692307692307693
1 0.3798076923076923 0.8329326923076923 0.1141826923076923 0.056490384615384616