3 0.30528846153846156 0.49158653846153844 0.056490384615384616 0.055288461538461536
3 0.4254807692307692 0.45913461538461536 0.04567307692307692 0.08052884615384616
3 0.4362980769230769 0.5144230769230769 0.0625 0.03485576923076923
3 0.4579326923076923 0.5300480769230769 0.057692307692307696 0.04326923076923077
3 0.5276442307692307 0.4639423076923077 0.038461538461538464 0.078125
3 0.5733173076923077 0.4254807692307692 0.037259615384615384 0.046875
3 0.5805288461538461 0.4651442307692308 0.030048076923076924 0.052884615384615384
3 0.59375 0.4963942307692308 0.03125 0.06129807692307692
3 0.5300480769230769 0.5372596153846154 0.038461538461538464 0.07451923076923077
3 0.5612980769230769 0.5276442307692307 0.04567307692307692 0.040865384615384616
3 0.5901442307692307 0.5456730769230769 0.06009615384615385 0.039663461538461536