2 0.15985576923076922 0.5576923076923077 0.06129807692307692 0.09735576923076923
2 0.21394230769230768 0.5228365384615384 0.08774038461538461 0.12259615384615384
2 0.28846153846153844 0.5324519230769231 0.08774038461538461 0.13822115384615385
2 0.25961538461538464 0.24158653846153846 0.07692307692307693 0.09134615384615384
2 0.28966346153846156 0.30288461538461536 0.0673076923076923 0.07091346153846154
2 0.3269230769230769 0.2956730769230769 0.042067307692307696 0.14783653846153846
2 0.4110576923076923 0.2620192307692308 0.10336538461538461 0.12259615384615384
2 0.39663461538461536 0.328125 0.12620192307692307 0.09375
2 0.4110576923076923 0.37259615384615385 0.12620192307692307 0.07692307692307693
2 0.6286057692307693 0.3942307692307692 0.04447115384615385 0.21634615384615385
2 0.7632211538461539 0.19471153846153846 0.09975961538461539 0.1814903846153846
2 0.7463942307692307 0.49038461538461536 0.13701923076923078 0.125
2 0.7872596153846154 0.53125 0.1201923076923077 0.125