3 0.07211538461538461 0.6286057692307693 0.04927884615384615 0.06009615384615385
3 0.13822115384615385 0.6670673076923077 0.04567307692307692 0.0673076923076923
3 0.19230769230769232 0.6862980769230769 0.042067307692307696 0.07091346153846154
3 0.32211538461538464 0.7512019230769231 0.055288461538461536 0.0733173076923077
3 0.5769230769230769 0.5084134615384616 0.06850961538461539 0.07091346153846154
3 0.6971153846153846 0.39783653846153844 0.056490384615384616 0.10576923076923077
3 0.7524038461538461 0.5901442307692307 0.04326923076923077 0.10817307692307693
3 0.8449519230769231 0.5973557692307693 0.06971153846153846 0.0625
3 0.8497596153846154 0.7271634615384616 0.078125 0.08052884615384616
3 0.8209134615384616 0.7860576923076923 0.06971153846153846 0.08774038461538461
3 0.7944711538461539 0.8064903846153846 0.055288461538461536 0.0673076923076923