2 0.02403846153846154 0.6021634615384616 0.04447115384615385 0.15264423076923078
2 0.042067307692307696 0.5060096153846154 0.06490384615384616 0.13581730769230768
2 0.11899038461538461 0.34975961538461536 0.1201923076923077 0.13942307692307693
2 0.20432692307692307 0.2536057692307692 0.08413461538461539 0.09134615384615384
2 0.22716346153846154 0.20072115384615385 0.06129807692307692 0.08533653846153846
2 0.3545673076923077 0.24519230769230768 0.11899038461538461 0.10096153846153846
2 0.3425480769230769 0.5240384615384616 0.16706730769230768 0.45913461538461536
2 0.47596153846153844 0.41225961538461536 0.15985576923076922 0.22716346153846154
2 0.6009615384615384 0.34615384615384615 0.2548076923076923 0.1310096153846154
2 0.6622596153846154 0.4891826923076923 0.2247596153846154 0.2776442307692308
2 0.7103365384615384 0.6754807692307693 0.22355769230769232 0.4326923076923077
2 0.8413461538461539 0.78125 0.06370192307692307 0.15745192307692307