1 0.30649038461538464 0.040865384615384616 0.08413461538461539 0.07211538461538461
1 0.06610576923076923 0.28725961538461536 0.08413461538461539 0.1201923076923077
1 0.18629807692307693 0.42908653846153844 0.12139423076923077 0.109375
1 0.7860576923076923 0.18269230769230768 0.11538461538461539 0.14182692307692307
1 0.8161057692307693 0.42788461538461536 0.06009615384615385 0.12860576923076922
1 0.32091346153846156 0.6394230769230769 0.11177884615384616 0.21875
1 0.26802884615384615 0.7536057692307693 0.06610576923076923 0.08052884615384616
1 0.4951923076923077 0.8353365384615384 0.14543269230769232 0.14182692307692307
1 0.5793269230769231 0.9290865384615384 0.1141826923076923 0.14182692307692307
1 0.41947115384615385 0.9483173076923077 0.06610576923076923 0.0673076923076923
1 0.6586538461538461 0.9002403846153846 0.078125 0.09375
1 0.6310096153846154 0.6802884615384616 0.06971153846153846 0.09375
1 0.2860576923076923 0.4879807692307692 0.06971153846153846 0.08774038461538461
1 0.9459134615384616 0.2247596153846154 0.06129807692307692 0.08052884615384616
1 0.43149038461538464 0.15144230769230768 0.057692307692307696 0.078125
1 0.3858173076923077 0.056490384615384616 0.06610576923076923 0.05889423076923077
1 0.19591346153846154 0.052884615384615384 0.07211538461538461 0.06370192307692307