1 0.3870192307692308 0.12379807692307693 0.06850961538461539 0.0625
1 0.4026442307692308 0.2091346153846154 0.10336538461538461 0.08173076923076923
1 0.41586538461538464 0.3161057692307692 0.05048076923076923 0.125
1 0.4735576923076923 0.33413461538461536 0.08413461538461539 0.08533653846153846
1 0.5396634615384616 0.3112980769230769 0.06971153846153846 0.07091346153846154
1 0.5588942307692307 0.234375 0.04807692307692308 0.06129807692307692
1 0.5985576923076923 0.265625 0.0673076923076923 0.051682692307692304
1 0.7752403846153846 0.16105769230769232 0.0733173076923077 0.08533653846153846
1 0.5276442307692307 0.38100961538461536 0.0673076923076923 0.06490384615384616
1 0.33653846153846156 0.37740384615384615 0.037259615384615384 0.06490384615384616
1 0.27403846153846156 0.5216346153846154 0.046875 0.08533653846153846
1 0.36899038461538464 0.47836538461538464 0.0733173076923077 0.15144230769230768
1 0.4387019230769231 0.5096153846153846 0.05889423076923077 0.11778846153846154
1 0.5096153846153846 0.4723557692307692 0.06850961538461539 0.09134615384615384
1 0.5576923076923077 0.45913461538461536 0.05889423076923077 0.06490384615384616
1 0.5600961538461539 0.5132211538461539 0.055288461538461536 0.06610576923076923
1 0.5300480769230769 0.5733173076923077 0.08413461538461539 0.109375
1 0.6790865384615384 0.5600961538461539 0.09375 0.10576923076923077
1 0.36177884615384615 0.6418269230769231 0.055288461538461536 0.0733173076923077
1 0.41586538461538464 0.6165865384615384 0.037259615384615384 0.08533653846153846
1 0.40865384615384615 0.7115384615384616 0.06490384615384616 0.1141826923076923
1 0.4362980769230769 0.7788461538461539 0.08173076923076923 0.13581730769230768
1 0.4807692307692308 0.7019230769230769 0.0673076923076923 0.08774038461538461
1 0.49278846153846156 0.6286057692307693 0.06610576923076923 0.07091346153846154
1 0.28725961538461536 0.6334134615384616 0.051682692307692304 0.07692307692307693