1 0.6430288461538461 0.6225961538461539 0.296875 0.26802884615384615
1 0.27403846153846156 0.6346153846153846 0.23076923076923078 0.2247596153846154
1 0.4723557692307692 0.43149038461538464 0.06370192307692307 0.09254807692307693
1 0.2512019230769231 0.3473557692307692 0.07091346153846154 0.14182692307692307
1 0.5180288461538461 0.21875 0.1346153846153846 0.09615384615384616
1 0.7043269230769231 0.08774038461538461 0.06610576923076923 0.07692307692307693
1 0.6778846153846154 0.20072115384615385 0.06370192307692307 0.04927884615384615
1 0.8233173076923077 0.05048076923076923 0.04326923076923077 0.08052884615384616
1 0.7680288461538461 0.22596153846153846 0.055288461538461536 0.06490384615384616
1 0.8329326923076923 0.4050480769230769 0.040865384615384616 0.07692307692307693
1 0.9639423076923077 0.46153846153846156 0.046875 0.05889423076923077