1 0.3233173076923077 0.22115384615384615 0.07091346153846154 0.10817307692307693
1 0.38100961538461536 0.2403846153846154 0.06370192307692307 0.10697115384615384
1 0.4338942307692308 0.21033653846153846 0.051682692307692304 0.09615384615384616
1 0.4831730769230769 0.2692307692307692 0.07091346153846154 0.08653846153846154
1 0.4266826923076923 0.3076923076923077 0.06610576923076923 0.09375
1 0.35216346153846156 0.3076923076923077 0.0733173076923077 0.08774038461538461
1 0.32211538461538464 0.3762019230769231 0.07211538461538461 0.0733173076923077
1 0.40384615384615385 0.3858173076923077 0.078125 0.08413461538461539
1 0.4723557692307692 0.3545673076923077 0.06850961538461539 0.10096153846153846
1 0.5360576923076923 0.359375 0.0625 0.10096153846153846
1 0.4795673076923077 0.4362980769230769 0.07211538461538461 0.07692307692307693
1 0.4543269230769231 0.4795673076923077 0.06370192307692307 0.11177884615384616
1 0.39903846153846156 0.47836538461538464 0.051682692307692304 0.109375
1 0.35096153846153844 0.43990384615384615 0.07091346153846154 0.09254807692307693
1 0.28365384615384615 0.4675480769230769 0.0733173076923077 0.0889423076923077
1 0.27524038461538464 0.5444711538461539 0.0829326923076923 0.07211538461538461
1 0.25 0.6478365384615384 0.08774038461538461 0.07211538461538461
1 0.32211538461538464 0.6117788461538461 0.078125 0.06370192307692307
1 0.3581730769230769 0.5240384615384616 0.078125 0.057692307692307696
1 0.39903846153846156 0.5901442307692307 0.0733173076923077 0.07211538461538461
1 0.5480769230769231 0.43028846153846156 0.055288461538461536 0.09254807692307693
1 0.5144230769230769 0.5432692307692307 0.04927884615384615 0.10697115384615384
1 0.46875 0.5925480769230769 0.04567307692307692 0.10576923076923077
1 0.4254807692307692 0.6754807692307693 0.05048076923076923 0.08413461538461539
1 0.36658653846153844 0.6706730769230769 0.07211538461538461 0.06971153846153846
1 0.6454326923076923 0.3641826923076923 0.06370192307692307 0.109375
1 0.6742788461538461 0.30408653846153844 0.054086538461538464 0.11057692307692307
1 0.7247596153846154 0.2764423076923077 0.04927884615384615 0.09495192307692307
1 0.78125 0.22596153846153846 0.06490384615384616 0.09495192307692307
1 0.7295673076923077 0.35216346153846156 0.0733173076923077 0.07932692307692307
1 0.6983173076923077 0.4110576923076923 0.08173076923076923 0.06850961538461539
1 0.6237980769230769 0.43509615384615385 0.07211538461538461 0.07572115384615384
1 0.5697115384615384 0.4987980769230769 0.07451923076923077 0.09254807692307693
1 0.6322115384615384 0.5096153846153846 0.05889423076923077 0.07692307692307693
1 0.6947115384615384 0.4855769230769231 0.06971153846153846 0.08413461538461539
1 0.7560096153846154 0.4495192307692308 0.06129807692307692 0.078125
1 0.7668269230769231 0.5228365384615384 0.08052884615384616 0.07211538461538461
1 0.7067307692307693 0.5697115384615384 0.06610576923076923 0.10096153846153846
1 0.7668269230769231 0.6081730769230769 0.06971153846153846 0.09375
1 0.6358173076923077 0.5889423076923077 0.07692307692307693 0.0673076923076923
1 0.5637019230769231 0.6009615384615384 0.052884615384615384 0.10336538461538461
1 0.6165865384615384 0.6646634615384616 0.06610576923076923 0.0829326923076923
1 0.6742788461538461 0.6514423076923077 0.06850961538461539 0.078125
1 0.5228365384615384 0.6574519230769231 0.046875 0.10817307692307693
1 0.47475961538461536 0.6983173076923077 0.051682692307692304 0.10216346153846154
1 0.35697115384615385 0.7439903846153846 0.07692307692307693 0.07091346153846154
1 0.34134615384615385 0.8473557692307693 0.056490384615384616 0.11298076923076923
1 0.40024038461538464 0.8665865384615384 0.05889423076923077 0.10697115384615384
1 0.4206730769230769 0.7668269230769231 0.04447115384615385 0.1141826923076923
1 0.4795673076923077 0.7944711538461539 0.04927884615384615 0.11538461538461539
1 0.5252403846153846 0.7728365384615384 0.05048076923076923 0.11658653846153846
1 0.5661057692307693 0.7151442307692307 0.04807692307692308 0.10697115384615384
1 0.6117788461538461 0.7463942307692307 0.051682692307692304 0.12259615384615384
1 0.6682692307692307 0.7367788461538461 0.05889423076923077 0.09375