1 0.05889423076923077 0.6826923076923077 0.08533653846153846 0.11899038461538461
1 0.025240384615384616 0.8461538461538461 0.04927884615384615 0.21033653846153846
1 0.08774038461538461 0.8197115384615384 0.06009615384615385 0.1502403846153846
1 0.14423076923076922 0.7235576923076923 0.06610576923076923 0.171875
1 0.15865384615384615 0.8509615384615384 0.07932692307692307 0.11538461538461539
1 0.10817307692307693 0.9411057692307693 0.08653846153846154 0.06490384615384616
1 0.12980769230769232 0.9711538461538461 0.11298076923076923 0.057692307692307696
1 0.27403846153846156 0.7367788461538461 0.10576923076923077 0.1778846153846154
1 0.2283653846153846 0.8689903846153846 0.08173076923076923 0.11538461538461539
1 0.24879807692307693 0.9603365384615384 0.10216346153846154 0.078125
1 0.3858173076923077 0.9242788461538461 0.1814903846153846 0.13221153846153846
1 0.42427884615384615 0.5372596153846154 0.078125 0.1346153846153846
1 0.3954326923076923 0.6935096153846154 0.078125 0.12620192307692307
1 0.47596153846153844 0.8341346153846154 0.10817307692307693 0.1346153846153846
1 0.4879807692307692 0.6826923076923077 0.125 0.11658653846153846
1 0.46274038461538464 0.3954326923076923 0.052884615384615384 0.11899038461538461
1 0.5324519230769231 0.38822115384615385 0.078125 0.18629807692307693
1 0.5360576923076923 0.5480769230769231 0.1201923076923077 0.1658653846153846
1 0.6298076923076923 0.6081730769230769 0.10817307692307693 0.1935096153846154
1 0.6298076923076923 0.47596153846153844 0.10697115384615384 0.09975961538461539
1 0.6129807692307693 0.31850961538461536 0.09134615384615384 0.13942307692307693
1 0.6610576923076923 0.3942307692307692 0.055288461538461536 0.12980769230769232
1 0.6850961538461539 0.8209134615384616 0.06971153846153846 0.12259615384615384
1 0.5552884615384616 0.8149038461538461 0.0985576923076923 0.1201923076923077
1 0.7139423076923077 0.5973557692307693 0.12740384615384615 0.14302884615384615
1 0.7415865384615384 0.5216346153846154 0.10336538461538461 0.10697115384615384
1 0.7391826923076923 0.39663461538461536 0.12259615384615384 0.1658653846153846
1 0.6742788461538461 0.22235576923076922 0.11778846153846154 0.15144230769230768
1 0.7536057692307693 0.21995192307692307 0.11177884615384616 0.22956730769230768
1 0.8581730769230769 0.19951923076923078 0.140625 0.15865384615384615
1 0.8377403846153846 0.49158653846153844 0.12740384615384615 0.25721153846153844
1 0.8581730769230769 0.7007211538461539 0.140625 0.12740384615384615
1 0.5973557692307693 0.14423076923076922 0.06490384615384616 0.19591346153846154
1 0.9627403846153846 0.30528846153846156 0.0733173076923077 0.171875
1 0.9170673076923077 0.35096153846153844 0.06610576923076923 0.0985576923076923
1 0.9759615384615384 0.5192307692307693 0.04807692307692308 0.12740384615384615
1 0.9879807692307693 0.6189903846153846 0.02403846153846154 0.0985576923076923
1 0.9110576923076923 0.5949519230769231 0.09495192307692307 0.08413461538461539
1 0.96875 0.7199519230769231 0.06129807692307692 0.08413461538461539
1 0.7956730769230769 0.8137019230769231 0.11899038461538461 0.0829326923076923
1 0.9290865384615384 0.06850961538461539 0.09254807692307693 0.1346153846153846