1 0.4362980769230769 0.6057692307692307 0.056490384615384616 0.07692307692307693
1 0.4735576923076923 0.5709134615384616 0.06490384615384616 0.07211538461538461
1 0.43509615384615385 0.5084134615384616 0.051682692307692304 0.0673076923076923
1 0.43149038461538464 0.4230769230769231 0.08413461538461539 0.08413461538461539
1 0.5084134615384616 0.4074519230769231 0.06490384615384616 0.0625
1 0.5625 0.4891826923076923 0.07572115384615384 0.10576923076923077
1 0.47716346153846156 0.25721153846153844 0.054086538461538464 0.05889423076923077
1 0.5408653846153846 0.20793269230769232 0.05889423076923077 0.0673076923076923
1 0.4387019230769231 0.125 0.05048076923076923 0.054086538461538464
1 0.5588942307692307 0.11057692307692307 0.07091346153846154 0.07091346153846154
1 0.4326923076923077 0.1658653846153846 0.06129807692307692 0.057692307692307696