1 0.6045673076923077 0.4375 0.16947115384615385 0.14423076923076922
1 0.78125 0.40865384615384615 0.1502403846153846 0.09134615384615384
1 0.6778846153846154 0.6105769230769231 0.16826923076923078 0.13581730769230768
1 0.5685096153846154 0.5829326923076923 0.10216346153846154 0.057692307692307696
1 0.4579326923076923 0.453125 0.1045673076923077 0.06971153846153846
1 0.4855769230769231 0.5829326923076923 0.08052884615384616 0.057692307692307696
1 0.2127403846153846 0.47115384615384615 0.0985576923076923 0.078125
1 0.1935096153846154 0.5697115384615384 0.0625 0.07451923076923077
1 0.3088942307692308 0.5853365384615384 0.042067307692307696 0.06370192307692307
1 0.25721153846153844 0.5877403846153846 0.057692307692307696 0.07211538461538461
1 0.12740384615384615 0.6478365384615384 0.038461538461538464 0.06129807692307692
1 0.11057692307692307 0.7211538461538461 0.038461538461538464 0.07451923076923077
1 0.11177884615384616 0.7764423076923077 0.04447115384615385 0.057692307692307696
1 0.37259615384615385 0.5817307692307693 0.057692307692307696 0.06129807692307692