1 0.296875 0.5913461538461539 0.09735576923076923 0.09254807692307693
1 0.375 0.5144230769230769 0.0673076923076923 0.140625
1 0.46153846153846156 0.44711538461538464 0.09735576923076923 0.11658653846153846
1 0.5949519230769231 0.2824519230769231 0.10216346153846154 0.12740384615384615
1 0.6526442307692307 0.25 0.0985576923076923 0.12740384615384615
1 0.7307692307692307 0.19591346153846154 0.12379807692307693 0.1622596153846154
1 0.4014423076923077 0.734375 0.10817307692307693 0.13822115384615385
1 0.4723557692307692 0.5649038461538461 0.11298076923076923 0.1622596153846154
1 0.5913461538461539 0.5841346153846154 0.078125 0.109375
1 0.5024038461538461 0.6995192307692307 0.10216346153846154 0.15384615384615385
1 0.9026442307692307 0.03365384615384615 0.08533653846153846 0.06610576923076923
1 0.9603365384615384 0.05048076923076923 0.07932692307692307 0.10096153846153846