2 0.4639423076923077 0.19591346153846154 0.056490384615384616 0.25961538461538464
2 0.5108173076923077 0.34134615384615385 0.03485576923076923 0.22716346153846154
2 0.5673076923076923 0.3245192307692308 0.07451923076923077 0.2800480769230769
2 0.42427884615384615 0.5420673076923077 0.038461538461538464 0.19591346153846154
2 0.4675480769230769 0.6923076923076923 0.05889423076923077 0.21995192307692307
2 0.4098557692307692 0.8737980769230769 0.052884615384615384 0.13822115384615385
2 0.8545673076923077 0.6682692307692307 0.06610576923076923 0.11057692307692307
2 0.9206730769230769 0.625 0.055288461538461536 0.12860576923076922
2 0.9639423076923077 0.3762019230769231 0.055288461538461536 0.17548076923076922
2 0.9098557692307693 0.26322115384615385 0.03245192307692308 0.1658653846153846
2 0.546875 0.5516826923076923 0.04927884615384615 0.20432692307692307