2 0.43028846153846156 0.4182692307692308 0.03485576923076923 0.08173076923076923
2 0.5420673076923077 0.4423076923076923 0.042067307692307696 0.07932692307692307
2 0.5504807692307693 0.4807692307692308 0.021634615384615384 0.04927884615384615
2 0.47716346153846156 0.5612980769230769 0.038461538461538464 0.08052884615384616
2 0.5372596153846154 0.5252403846153846 0.037259615384615384 0.07932692307692307
2 0.5216346153846154 0.5913461538461539 0.037259615384615384 0.06610576923076923
2 0.6141826923076923 0.6598557692307693 0.07451923076923077 0.10096153846153846
2 0.453125 0.7680288461538461 0.046875 0.09254807692307693
2 0.5685096153846154 0.3425480769230769 0.046875 0.08774038461538461
2 0.4338942307692308 0.3173076923076923 0.05048076923076923 0.13822115384615385
2 0.4254807692307692 0.39783653846153844 0.046875 0.12980769230769232
2 0.22596153846153846 0.28966346153846156 0.09495192307692307 0.10576923076923077
2 0.4254807692307692 0.12740384615384615 0.030048076923076924 0.08653846153846154
2 0.4338942307692308 0.040865384615384616 0.02403846153846154 0.07932692307692307