1 0.29447115384615385 0.11658653846153846 0.19230769230769232 0.16105769230769232
1 0.18509615384615385 0.4423076923076923 0.29927884615384615 0.19591346153846154
1 0.39903846153846156 0.3918269230769231 0.2283653846153846 0.30528846153846156
1 0.2620192307692308 0.31490384615384615 0.11538461538461539 0.15144230769230768
1 0.5793269230769231 0.4074519230769231 0.109375 0.3858173076923077
1 0.8653846153846154 0.12620192307692307 0.12259615384615384 0.20673076923076922
1 0.8942307692307693 0.34134615384615385 0.15865384615384615 0.296875
1 0.7956730769230769 0.3329326923076923 0.06490384615384616 0.13701923076923078
1 0.7596153846153846 0.4567307692307692 0.18629807692307693 0.17548076923076922
1 0.8918269230769231 0.5805288461538461 0.10096153846153846 0.12139423076923077
1 0.14903846153846154 0.6814903846153846 0.1466346153846154 0.18269230769230768
1 0.4254807692307692 0.6634615384615384 0.20072115384615385 0.18269230769230768
1 0.38341346153846156 0.8052884615384616 0.2848557692307692 0.26802884615384615
1 0.22716346153846154 0.9086538461538461 0.13822115384615385 0.18028846153846154
1 0.37740384615384615 0.9495192307692307 0.171875 0.10096153846153846
1 0.5444711538461539 0.9387019230769231 0.21634615384615385 0.12259615384615384
1 0.7584134615384616 0.859375 0.19831730769230768 0.2800480769230769
1 0.9266826923076923 0.7355769230769231 0.1466346153846154 0.17668269230769232
1 0.5384615384615384 0.7427884615384616 0.08653846153846154 0.12620192307692307
1 0.5829326923076923 0.6129807692307693 0.1141826923076923 0.16346153846153846