2 0.8173076923076923 0.20072115384615385 0.27283653846153844 0.4014423076923077
2 0.6021634615384616 0.4182692307692308 0.18389423076923078 0.16466346153846154
2 0.04807692307692308 0.8125 0.09375 0.10216346153846154
2 0.18509615384615385 0.8016826923076923 0.17908653846153846 0.15144230769230768
2 0.34975961538461536 0.8028846153846154 0.16105769230769232 0.11538461538461539
2 0.7680288461538461 0.7283653846153846 0.13221153846153846 0.4675480769230769
2 0.20192307692307693 0.47716346153846156 0.07451923076923077 0.051682692307692304
2 0.25721153846153844 0.421875 0.06971153846153846 0.09134615384615384
2 0.3161057692307692 0.39302884615384615 0.09975961538461539 0.0829326923076923
2 0.390625 0.31850961538461536 0.109375 0.13221153846153846
2 0.4639423076923077 0.16346153846153846 0.07572115384615384 0.25600961538461536