1 0.2980769230769231 0.8125 0.07572115384615384 0.2283653846153846
1 0.3641826923076923 0.7271634615384616 0.0733173076923077 0.19230769230769232
1 0.4423076923076923 0.7956730769230769 0.09134615384615384 0.15144230769230768
1 0.42908653846153844 0.5793269230769231 0.24519230769230768 0.14543269230769232
1 0.36538461538461536 0.42427884615384615 0.0829326923076923 0.17668269230769232
1 0.4411057692307692 0.3786057692307692 0.07932692307692307 0.19230769230769232
1 0.5204326923076923 0.2764423076923077 0.09254807692307693 0.16105769230769232
1 0.5252403846153846 0.3870192307692308 0.1045673076923077 0.1201923076923077
1 0.6634615384615384 0.4519230769230769 0.11538461538461539 0.13822115384615385
1 0.6069711538461539 0.5769230769230769 0.10576923076923077 0.16947115384615385
1 0.6887019230769231 0.625 0.0985576923076923 0.17668269230769232
1 0.7800480769230769 0.546875 0.109375 0.13822115384615385