1 0.037259615384615384 0.3954326923076923 0.07451923076923077 0.1875
1 0.14423076923076922 0.5096153846153846 0.13942307692307693 0.12379807692307693
1 0.2980769230769231 0.38461538461538464 0.22596153846153846 0.23798076923076922
1 0.3076923076923077 0.5420673076923077 0.11658653846153846 0.11057692307692307
1 0.4639423076923077 0.4519230769230769 0.15264423076923078 0.19110576923076922
1 0.43028846153846156 0.5949519230769231 0.15144230769230768 0.11899038461538461
1 0.3737980769230769 0.6586538461538461 0.14423076923076922 0.11298076923076923
1 0.5564903846153846 0.5697115384615384 0.14543269230769232 0.14423076923076922
1 0.7019230769230769 0.6394230769230769 0.09134615384615384 0.10817307692307693
1 0.8004807692307693 0.5817307692307693 0.203125 0.16826923076923078
1 0.8040865384615384 0.6838942307692307 0.08533653846153846 0.09134615384615384
1 0.9603365384615384 0.7572115384615384 0.0733173076923077 0.1045673076923077
1 0.8786057692307693 0.765625 0.06850961538461539 0.11658653846153846
1 0.3605769230769231 0.8725961538461539 0.14423076923076922 0.1658653846153846
1 0.15865384615384615 0.8257211538461539 0.17067307692307693 0.14903846153846154
1 0.5180288461538461 0.7980769230769231 0.06129807692307692 0.12139423076923077
1 0.546875 0.6826923076923077 0.11057692307692307 0.12139423076923077
1 0.7644230769230769 0.8004807692307693 0.0673076923076923 0.10817307692307693
1 0.8040865384615384 0.7632211538461539 0.07692307692307693 0.0829326923076923
1 0.7463942307692307 0.8762019230769231 0.0889423076923077 0.07692307692307693
1 0.6862980769230769 0.953125 0.0889423076923077 0.07211538461538461
1 0.8413461538461539 0.9519230769230769 0.07692307692307693 0.09615384615384616
1 0.8449519230769231 0.8509615384615384 0.08413461538461539 0.09975961538461539
1 0.9086538461538461 0.9074519230769231 0.09134615384615384 0.06370192307692307
1 0.9567307692307693 0.9699519230769231 0.08533653846153846 0.06009615384615385