4 0.2536057692307692 0.7908653846153846 0.06129807692307692 0.10096153846153846
4 0.32572115384615385 0.6045673076923077 0.05048076923076923 0.1141826923076923
4 0.3605769230769231 0.484375 0.06971153846153846 0.13221153846153846
4 0.5564903846153846 0.7704326923076923 0.0889423076923077 0.0673076923076923
4 0.6274038461538461 0.6225961538461539 0.0985576923076923 0.04807692307692308
4 0.7307692307692307 0.6766826923076923 0.07211538461538461 0.12980769230769232
4 0.5516826923076923 0.47716346153846156 0.07932692307692307 0.125
4 0.3701923076923077 0.27283653846153844 0.06009615384615385 0.10817307692307693
4 0.42908653846153844 0.2824519230769231 0.06610576923076923 0.125
4 0.6274038461538461 0.18990384615384615 0.08533653846153846 0.09975961538461539
4 0.7271634615384616 0.14182692307692307 0.08413461538461539 0.0829326923076923
4 0.5769230769230769 0.27283653846153844 0.056490384615384616 0.046875
4 0.6821559759615384 0.36690804326923077 0.7415772283653846 0.2646549807692308 0.7225624278846153 0.24781330048076924 0.6476916490384615 0.3404425432692308 0.6821559759615384 0.36690804326923077
4 0.8295206802884615 0.18044657932692307 0.8152595817307693 0.15759001201923079 0.7332582524038462 0.22976864182692308 0.749896204326923 0.24901627884615385 0.8295206802884615 0.18044657932692307
4 0.33413461538461536 0.11057692307692307 0.026442307692307692 0.039663461538461536