2 0.3173076923076923 0.39663461538461536 0.19471153846153846 0.1622596153846154
2 0.07211538461538461 0.7487980769230769 0.14423076923076922 0.13701923076923078
2 0.1971153846153846 0.8137019230769231 0.18509615384615385 0.1201923076923077
2 0.46274038461538464 0.6045673076923077 0.13701923076923078 0.09615384615384616
2 0.6550480769230769 0.2920673076923077 0.14182692307692307 0.09014423076923077
2 0.6382211538461539 0.39903846153846156 0.13581730769230768 0.09615384615384616
2 0.6298076923076923 0.6225961538461539 0.038461538461538464 0.21394230769230768
2 0.6838942307692307 0.5276442307692307 0.11658653846153846 0.12860576923076922
2 0.7644230769230769 0.4338942307692308 0.08052884615384616 0.11298076923076923
2 0.9194711538461539 0.49158653846153844 0.0889423076923077 0.1346153846153846
2 0.96875 0.4675480769230769 0.0625 0.22355769230769232